(0.)0000000000000000000000000000000000000000000000000000000000000000000000000000000000000000000000000000
(1.)0000000000000000000000000000000000000000000000000100000000000000000000000000000000000000000000000000
(2.)0000000000000000000000000000000000000000000000001010000000000000000000000000000000000000000000000000
(3.)0000000000000000000000000000000000000000000000001110000000000000000000000000000000000000000000000000
(4.)0000000000000000000000000000000000000000000000001111000000000000000000000000000000000000000000000000
(5.)0000000000000000000000000000000000000000000000011011100000000000000000000000000000000000000000000000
(6.)0000000000000000000000000000000000000000000000011111100000000000000000000000000000000000000000000000
(7.)0000000000000000000000000000000000000000000000111111100000000000000000000000000000000000000000000000
(8.)0000000000000000000000000000000000000000000001111110110000000000000000000000000000000000000000000000
(9.)0000000000000000000000000000000000000000000001111111110000000000000000000000000000000000000000000000
(10.)0000000000000000000000000000000000000000000001111111111000000000000000000000000000000000000000000000
(11.)0000000000000000000000000000000000000000000110111111111000000000000000000000000000000000000000000000
(12.)0000000000000000000000000000000000000000000110111111111100000000000000000000000000000000000000000000
(13.)0000000000000000000000000000000000000000000111111111111100000000000000000000000000000000000000000000
(14.)0000000000000000000000000000000000000011001011011110110111000000000000000000000000000000000000000000
(15.)0000000000000000000000000000000000000011001011011111110111000000000000000000000000000000000000000000
(16.)0000000000000000000000000000000000000011001111011111110111000000000000000000000000000000000000000000
(17.)0000000000000000000000000000000000000011001111011111111111000000000000000000000000000000000000000000
(18.)0000000000000000000000000000000000000011001111111111111111000000000000000000000000000000000000000000
(19.)0000000000000000000000000000000000000011001111111111111111100000000000000000000000000000000000000000
(20.)0000000000000000000000000000000000000011011111111111111111100000000000000000000000000000000000000000
(21.)0000000000000000000000000000000000000011111111111111111111100000000000000000000000000000000000000000
(22.)0000000000000000000000000000000000001111111011111111111111100000000000000000000000000000000000000000
(23.)0000000000000000000000000000000000001111111101111111111111011000000000000000000000000000000000000000
(24.)0000000000000000000000000000000000001111111111111111111110111000000000000000000000000000000000000000
(25.)0000000000000000000000000000000000001111111111111111101111111100000000000000000000000000000000000000
(26.)0000000000000000000000000000000000001111111111111111110111111110000000000000000000000000000000000000
(27.)0000000000000000000000000000000000001111111111111111111111111110000000000000000000000000000000000000
(28.)0000000000000000000000000000000011000011111111111111111111111111000000000000000000000000000000000000
(29.)0000000000000000000000000000000011000111101111111111111111111111100000000000000000000000000000000000
(30.)0000000000000000000000000000000011000111111111111111111111111111100000000000000000000000000000000000
(31.)0000000000000000000000000000000011000111111111111111111111111111110000000000000000000000000000000000
(32.)0000000000000000000000000000000011000111111111111111111111111111111000000000000000000000000000000000
(33.)0000000000000000000000000000000011001111111111111111111111111111111000000000000000000000000000000000
(34.)0000000000000000000000000000000011011111111111111111111111111111111000000000000000000000000000000000
(35.)0000000000000000000000000000000011111111111111111111111111111111111000000000000000000000000000000000
(36.)0000000000000000000000000000000111111111111111111111111111111111111000000000000000000000000000000000
(37.)0000000000000000000000000000000111111111111111111111111111111111111100000000000000000000000000000000
(38.)0000000000000000000000000000000111111111111111111111111111111111111110000000000000000000000000000000
(39.)0000000000000000000000000000011111111111101111111011111011111111111111100000000000000000000000000000
(40.)0000000000000000000000000000011111111111101111111111111011111111111111100000000000000000000000000000
(41.)0000000000000000000000000000011111111111101111111111111111111111111111100000000000000000000000000000
(42.)0000000000000000000000000001101111111111111011011111111111111011111111101010000000000000000000000000
(43.)0000000000000000000000000001101111111111111011011111111111011111111111111010000000000000000000000000
(44.)0000000000000000000000000001101111111111111011111111111111011111111111111010000000000000000000000000
(45.)0000000000000000000000000001101111111111111011111111111111111111111111111010000000000000000000000000
(46.)0000000000000000000000000001101111111111111111111111111111111111111111111010000000000000000000000000
(47.)0000000000000000000000000001101111111111111111111111111111111111111111111110000000000000000000000000
(48.)0000000000000000000000000001111111111111111111111111111111111111111111111110000000000000000000000000
(49.)0000000000000000000000000001111111111111111111111111111111111111111111111111000000000000000000000000
(50.)0000000000000000000000000111101111111111111111111111111111111111111111111111000000000000000000000000
(51.)0000000000000000000000000111101111111111111111111111111111111111111111111111100000000000000000000000
(52.)0000000000000000000000011111111110111111110111111111111111111111111111111111100000000000000000000000
(53.)0000000000000000000000011111111111111111111110111111111111111111111111111111100000000000000000000000
(54.)0000000000000000000000011111111111111111111111111111111111111111111111111111100000000000000000000000
(55.)0000000000000000000001111111111111110111111111111111111111111111111111111111100000000000000000000000
(56.)0000000000000000000011011111111111111111111111111111111111111111111111111111100000000000000000000000
(57.)0000000000000000000111111111111111111011111111111111111111111111111111111111100000000000000000000000
(58.)0000000000000000000111111111111111111111111111111111111111111111111111111111100000000000000000000000
(59.)0000000000000000011111011111111111111111111111111111111111111101111111111110111000000000000000000000
(60.)0000000000000000011111011111111111111111111111111111111111111111111111111110111000000000000000000000
(61.)0000000000000000011111011111111111111111111111111111111111111111111111111111111000000000000000000000
(62.)0000000000000000011111111111111111111111111111111111111111111111111111111111111000000000000000000000
(63.)0000000000000000111111111111111111111111111111111111111111111111111111111111111000000000000000000000
(64.)0000000000000111110111111111111101111111111111111111111111111111111111111111111000000000000000000000
(65.)0000000000000111110111111111111111111111111111111111111111111111111111111111111000000000000000000000
(66.)0000000000000111111111111111111111111111111111111111111111111101011111111111111110000000000000000000
(67.)0000000000001111111111111111111111111111111111111111111111111101011111111111111110000000000000000000
(68.)0000000000001111111111111111111111111111111111111111111111110111111111111111111110000000000000000000
(69.)0000000011011111110111111111111011111111111111111111111111110111111111111111111110000000000000000000
(70.)0000000011011111111111111111101111111111111111111111111111110111111111111111111110000000000000000000
(71.)0000000011011111111111111111101111111111111111111111111111111111111111111111111110000000000000000000
(72.)0000000011011111111111111111101111111111111111111111111111111111111111111111111110100000000000000000
(73.)0000000011011111111111111111111111111111011101111111111111111111111111111111111111110000000000000000
(74.)0000000011011111111111111111111111111111111111011111111111111111111111111111111111110000000000000000
(75.)0000000011011111111111111111111111111111111111111111111111111111111111111111111111110000000000000000
(76.)0000000011011111111111111111111111111111111111111111111111111111111111111111111111111000000000000000
(77.)0000000111101111111111111111111111111111111111111110111111111111111110111111111111111110000000000000
(78.)0000000111111111111111011111111111111111111111111111111111111111111110111111111111111110000000000000
(79.)0000000111111111111111111111111111111111111111111111111111111111111110111111111111111110000000000000
(80.)0000001111111111111111111111111111111111111111111111111111111111111111011111011111111111000000000000
(81.)0000111111111111111111111111111111111111111111111111101111111111111111011111011111111111000000000000
(82.)0001111111111111111111111111111111111111111111111101111111111111111111011111011111111111000000000000
(83.)0001111111111111111111111111111111111111111111111111111111111111111111011111011111111111000000000000
(84.)0001111111111111111111111111111111111111111111111111111111111111111111111110111111111111000000000000
(85.)0001111111111111111111111111111111111111111111111111111111111111111111111110111111111111100000000000
(86.)0011111111111111111111111111111111111111111111111111111111111111111111111110111111111111100000000000
(87.)0011111111111111111111111111111111111111111011111111111111111111111111111111110111111111111000000000
(88.)0011111111111111111111111111111111111111111111111111111111111111111111111111110111111111111000000000
(89.)1111111111111111011111111111111111111111111111111111111111111111111111111111110111111111111000000000
(90.)1111111111111111011111111111111111111111111111111111111111111111111111111111111111111111111000000000
(91.)1111111111111111011111111111111111111111111111111111111111011111111111111111111111111111111110000000
(92.)1111111111111111111111111111111111111111111111111111111111011111111111111111111111111111111110000000
(93.)1111111111111111111111111111111111111111111111111111111111111111111111111111111111111111111110000000
(94.)1111111111111111111111111111111111111111111111111111111111111111111111111111111111111111111110000000
(95.)1111111111111111111111111111111111111111111111111111111111111111111111111111111111111111111111000000
(96.)1111111111111111111111111111111111111111111111111111111111111111111111111111111111111111111111000000
(97.)1111011111111111111111111111111111111111111111111111111111111111111111111111111111111111111111000000
(98.)1111111111111111111111111111111111111111111111111111111111111111111111111111111111111111111111000000
(99.)1111101111111111111111111111111111111111011111111111111111111111111110111111111111111111111111110000
(100.)1111101111111111111111111111111111111111111111111111111111111111111110111111111111111111111111110000
(101.)1111111111111111111111111111111111111111111111110111111111111111111111111111111110111111111111111000
(102.)1111111111111111111111111111111111111111111111111111111111111111111111111111111110111111111111111000
(103.)1111111111111111111111111111111111111111111111111111111111111111111111111110111111111111111111111000
(104.)1111111111111111111111111111111111111111111111111111111111111111111111111111111111111111111111111000
(105.)1111111111111111111111111111111111111111111111111111111111111111011111111111111111111111111111111110
(106.)1111111111111111111111111111111111110111111111111111111111111111111111111111111111111111111111111110
(107.)1111111111111111111111111111111111111111110111111111111111111111111111111111111111111111111111111111
(108.)1111111111111111111111111111111111111111111111111111111111111111111111111111111111111111111111111111
(109.)1111111111111011111111111111111111111111111111111111111111111111111111111111111111111101111111111111
(110.)1111111111111111111111111111111111111111111011111111111111111111111111111111111111111111111111111111
(111.)1111111111111111111111111111111111111111111111111111111111111111111111111111111111111111111111111111
(112.)1111111111111111111111111111111111111111111111111111111111111111111111111111111111111111111111111011
(113.)1111111101111111111111111111111111111111111111111111111111111111111111111111111111111111111111111011
(114.)1111111101111111111111111111111111111111111111111111111111111111111111111111111111111111111111111111
(115.)1111111101111111111111111111111111111111111111111111111111111111111111110111111111111111111011111111
(116.)1111111101111111111111111111111111111111111111111111111111111111101111111111111111111111111111111111
(117.)1111111101111111111111111111111111111111111111111111111111111111111111111111111111111111111111111111
(118.)1111111111111111111111111111111111111111111111111111111111111111111111111111111111111111111111111111
(119.)1111111111111111111111111111111111111111111111111111111111111111111111111111111111111111111111111111
(120.)1111111111111111111111111111111111111111111111111111111111111111111111111111111111111111111111111111
(121.)1111110111111111111111111111111111111111111111111111111111111111111111111111111111111111111111111111
(122.)1111110111111111111111111111111111111111111111111111111111111111110111111111111111111111111111111011
(123.)1111111111111111111111111111111111111111111101111111111111111111111111111111111111111111111111111011
(124.)1111111111111111111111111111111111111111111111111111111111111111111111111111111111111111111111111011
(125.)1111111111111111111111111111111111111111111111111111111111111111111111111111111111111111111111111111
(126.)1111111111111111111111111111111111111111111111111101111111111111111111111111111111111111111111111110
(127.)1111111111111111111111111111111111111111111111111111111111111111111111111111111111111111111111111110
(128.)1111111111111111111111111111111111111111111111111111111111111111111111111111111111111111111111111110
(129.)0110111111111111111111111111111111111111111111111111111111111111111111111111111111111111111111111110
(130.)0111111111111111111111111111111110111111111111111111111111111111111111111111111111111111111111111111
(131.)0111111111111111111111111111111111111111111111111111111111111111111111111111111111111111111111111111
(132.)1111111111111111111111111111111111111111111111111111111111111111111111111111111111111111111111111111
(133.)1111111111111111111111011111111111111111111111111111111111110111111111111111111111111111111111111111
(134.)1111111111111111111111111111111111111111011111111111111111111111111111111111111111111111111111111111
(135.)1111111111111111111111111111111111111111111111111111111111111111111111111111111111111111111111111111
(136.)1111111111111111111111111111111111111111111111110111111111111111111111111111111111111111111111111111
(137.)1111111111111111111111111111111111111111111111111111111111111111111111111111111111111111111111111111
(138.)1111111111111111111111111111111111111111111111111111111111111111111111111111111111111111111111111111
(139.)1111111111111111111111111111111111111111111111111111111111111111111111111111111111111111111111111111
(140.)1111011111111111111111111111111101111111111111111111111101111111111111111111101111111111111110111111
(141.)1111011111111111111111111111111101111111111111111111111111111111111111111111101111111111111110111111
(142.)1111011111111111111111111111111111111111111111111111111111111111111111111111101111111111111110111111
(143.)1111011111111111111111111111111111111111111111111111111111111111111111111111111111111111111110111111
(144.)1111111111111111111111111111111111111111111111111111111111111011111111111111111111111111011111111111
(145.)1110111111111110111111111111011111111111111111111111111111110111111111111111111111111111011111111111
(146.)1110111111111110111111111111011111111111111111111111111111111111111111111111111111111111011111111111
(147.)1110111111111110111111111111111111111111111111111111111111111111111111111111111111111111011111111111
(148.)1110111111111110111111111111111111111111111111111111111111111111111111111111111111111111110111111111
(149.)1110111111111111111111111111111111111111111111111111111111111111111111111111111111111111110111111111
(150.)1111111111111111111111111111111111101111111111111111111111111111111111111111111111111111110111111111
(151.)1111111111111111111111111111111111111111111111111111111111111111111111111111111111111111110111111111
(152.)1101111111111111111111111111111111111011111111111111111111111111111111111111111111111111111111111111
(153.)1101111111111111111111111111111111111111111111111111111111111111111111111111111111111111111111111111
(154.)1111111111111111111111111111111111111111111111111111111111111111111111111111111111111111111111111111
(155.)1111111111111111111111111111111111111111111111111111111111111111101111111111111111111111111111111111
(156.)0101111111111111111111111111111111111111111111011111111111111101111111111110111111110111111011111111
(157.)0101111111111111111111111111111111111111111111011111111111111111111111111110111111110111111011111111
(158.)0101111111111111111111111111111111111111111111111110111111111111111111111111111111110111111011111111
(159.)0101111111111111111111111111111111111111111111111111111111111111111111111111111111110111111011111111
(160.)0101111111111111111111111111111111111111111111111111111111111011111111101111111111111110111111111111
(161.)0101111111111111111111111111111111111111111111111111111111111111111011111111111111111110111111111111
(162.)0101111111111111111111111111111111111111111111111111111111111111111111111111111111111110111111111111
(163.)1111111111110111111111111111111111111011111111111111111111111111111111111111111111111110111111111111
(164.)1111111111110111111111111111111111111011111111111111111111111111111111111111111111111111111111111111
(165.)1111111111110111111111111111111111111111111111111111111111111111111111111111111111111111111111111111
(166.)1111111111111111111111111111111111111111111111111111111111111111111111111111111111111111111111111111
(167.)1111111111111111111111111111111111111111111111111111111111111111111111111111111111111111111111111101
(168.)1111111111111111111111111111111111111110111011111111111111111111111111111111111111111111111111111111
(169.)1111111111111111111111111111111111111110111111111111111111111111111111111111111111111111111111111111
(170.)1111111111111111111111111111111111111111111111111111111111111111111111111111111111111111111111111111
(171.)1111111111111111111111101111110111111111111111111111111111111111111111111101111111111111111111101111
(172.)1111111111111111111111101111110111111111111111111111111111111111111111111111111111111111111111101111
(173.)1111111111111111111111111111111111011111111111111111111111111111111111111111111111111111111111101111
(174.)1111111111111111111111111111111111111111111111111111111111111111111111111111111111111111111111101111
(175.)1111111111111111111111111111111111111111111111111111111111111111111111111111111111111111111111111111
(176.)1111110111111111111111111111111111111111111111111111111111111111111111111111111111111111111111111111
(177.)1111111111111111111111111111111111111111111111111111111111111111111111111111111111111111111111111111
(178.)1111111111111111111111111111111111111111111111111111111101111111111111111111111111111111111111111110
(179.)1111111111111111111111111111111111111111111111111111111111111111111111111111111111111111111111111110
(180.)1111111111111111111111111111111110111111111111111111111111111111111111111111111111111111101111111111
(181.)1011111111111111111111111111111111111111110111011111111111111111111111111111011111111111111111111111
(182.)1011111111111111111111111111111111111111110111111111111111111111111111111111011111111111111111111111
(183.)1011111111111111111111111111111111111111111111111111111111111111111111111111011111111111111111111111
(184.)1011111111111111111111111111111111111111111111111111111111111111111111111111111111111111111111111111
(185.)1011111111111111111111111111111111111111111111111111111111111111111111111111111111111111111111111111
(186.)1111111111111111111111111111111111111111111111111111111111111111111111111111111111111111111111111111
(187.)1011111111111011111110111111111110111111111111111111111111011111111111111111111111111111111101111111
(188.)1011111111111011111110111111111110111111111111111111111111111111111111111111111111111111111101111111
(189.)1011111111111011111110111111111111111111111111111111111111111111111111111111111111111111111101111111
(190.)1011111111111011111111111111111111111111111111111111111111111111111111111111111111111111111101111111
(191.)1011111111111111111111111111111111111111111111111111111111111111111111111111111111111111111101111111
(192.)1111110111111111111111111110111111111111111111111111111111111111111111111111111111111111111101111111
(193.)1111110111111111111111111111111111111111111111111111111111111111111111111111111111111111111101111111
(194.)1111111111111111111111111111111111111111111111111111011111111111111111111111111111111111111111111111
(195.)1111111111111111111111111011111101111111111111111111011111111111111111111111111111111111111111111111
(196.)1111111111111111111111111011111111111111111111111111011111111111111111111111111111111111111111111111
(197.)1111111111111111111111111011111111111111111111111111111111111111111111111111111111111111111111111111
(198.)1111111111111111111111111111111111111111111111111111111111111111111111111111111111111111111111111111
(199.)1111111111111111111111111111111111111111111111111111111111111110111111111111111111111111111111111111
