
4:  1,0,1,0
Nums in the array: 4
Printing array as int array: 1,0,1,0,
cdf: 0.5 0.5 1 1 
TREE OUTPUT:
  0.5 |
 0.5 | 1 |

# Info: $Header: /home/ma/p/pruess/.cvsroot/manna_range/dmitry_20151021/manna_stack_clean_edited.c,v 1.2 2015/10/21 11:37:00 pruess Exp $
# Info: $Header: /home/ma/p/pruess/.cvsroot/manna_range/dmitry_20151021/gp.h,v 1.2 2015/10/21 11:37:00 pruess Exp $
# Info: Time: Thu Dec 10 12:17:31 2015
# Info: Hostname: dv-Aspire-5735
# Info: Directory: /home/dveselov/c/manna/manna/src
# Info: PID: 2022
# Info: Command: [ ./a.out]
# Info: PRINT_PARAM SEED: 5
# Info: PRINT_PARAM LENGTH: 10
# Info: PRINT_PARAM DROP_LOCATION: 5
# Info: PRINT_PARAM total_malloced: 0
# Info: Expected avalanche size: <s>(x) = 1+(1/2) (<s>(x+1)+<s>(x-1)), BC <s>(0)=0, <s>(L+1)=0, solved by <s>(x)=(L+1-x)x/2.
# Info: Here L=LENGTH=10 and x=DROP_LOCATION+1=6, so expect 15
#M_size 10 5 123000 1 100 5 8     123000           1 14.967528455284552846 454.53772357723577235 19564.859333333333334 1081881.7730406504065 72281566.288991869922 5594002170.0206504064 486194658123.43299186 46336645529959.761333
#M_size 10 5 123000 2 100 5 8     123000           1 14.942065040650406504 453.74990243902439024 19624.841235772357724 1102943.2666829268293 76025453.296455284551 6161451278.1552682929 567957456148.36026019 57977842624205.731071
#M_size 10 5 123000 3 100 5 8     123000           1 15.013024390243902439 456.27878048780487805 19602.612487804878048 1082811.6457073170732 72858460.464 5789139244.8675609757 534042527382.4827317 56634280223755.589123
#M_size 10 5 123000 4 100 5 8     123000           1 14.991967479674796748 456.69247154471544717 19746.036211382113821 1104189.1304227642277 75965222.768308943087 6281227863.8588130083 619372632499.6703577 72401512703979.374329
#M_size 10 5 123000 5 100 5 8     123000           1 15.005414634146341463 458.81104065040650405 19947.347219512195123 1121167.6971869918699 77024006.231512195125 6241327311.0690894308 581956950344.26136583 61233152426583.267918
#M_size 10 5 123000 6 100 5 8     123000           1 14.974235772357723577 455.29778048780487804 19624.670235772357724 1091513.4109512195122 74147272.094235772354 5932829214.0509512196 544174845840.83023578 55926010285430.242172
#M_size 10 5 123000 7 100 5 8     123000           1 14.945260162601626017 453.73456097560975608 19476.719650406504066 1074361.8109512195122 72072556.621113821137 5680845856.1555365855 513621687699.27477235 52231892690151.799244
#M_size 10 5 123000 8 100 5 8     123000           1 15.114601626016260162 465.64146341463414633 20387.380991869918699 1150299.9742439024391 78807576.686552845531 6294511228.6907317075 568308666401.69221139 56568564366206.715706
#M_size 10 5 123000 9 100 5 8     123000           1 15.012073170731707317 458.42823577235772359 19900.239243902439025 1128037.9495040650406 80242444.456219512198 7019422985.2414065041 740536721860.90558535 91534967224197.613892
#M_size 10 5 123000 10 100 5 8     123000           1 14.961178861788617886 455.45488617886178861 19688.580154471544715 1099335.0746910569105 74845504.591666666667 5972772705.7451300812 542307320064.38600814 54692345767972.465912
#M_size 10 5 123000 11 100 5 8     123000           1 14.985105691056910569 458.26357723577235773 19911.266471544715447 1117258.6707967479675 76391009.830959349594 6110469046.8840650409 553981750740.9718374 55476465403323.843479
#M_size 10 5 123000 12 100 5 8     123000           1 15.000479674796747967 458.47664227642276422 19977.638869918699188 1128255.0347886178862 78011745.611943089432 6362222847.5083495933 596298077874.71496749 63007385882561.42308
#M_size 10 5 123000 13 100 5 8     123000           1 15.067487804878048781 463.61078861788617886 20334.195682926829269 1155306.8626910569105 80066439.592365853656 6477353352.2351788618 590762438179.16934144 59073375831253.699764
#M_size 10 5 123000 14 100 5 8     123000           1 15.048398373983739838 458.94124390243902439 19901.219178861788619 1118568.9454390243902 77090587.78132520325 6269553481.502707317 583840220515.99088615 60706625810128.978611
#M_size 10 5 123000 15 100 5 8     123000           1 15.015650406504065041 456.96428455284552844 19617.341211382113821 1079906.6505284552845 72200784.867845528453 5674213593.8111138213 513472417515.9929187 52713890918634.849552
#M_size 10 5 123000 16 100 5 8     123000           1 15.011154471544715447 458.2647479674796748 19870.863934959349594 1112105.0959674796748 75782135.786276422761 6033872517.9788943091 543587024893.30100814 53984476418172.098896
#M_size 10 5 123000 17 100 5 8     123000           1 14.996707317073170731 457.32060975609756098 19742.008707317073171 1096176.618756097561 73873543.615731707316 5806007015.4035365852 516112000843.20285365 50603849748532.166073
#M_size 10 5 123000 18 100 5 8     123000           1 15.012707317073170732 459.87446341463414634 20084.130902439024391 1136995.1176829268293 78671471.300268292682 6381353888.6642195121 587508174875.64992684 59833831294734.66695
#M_size 10 5 123000 19 100 5 8     123000           1 15.028040650406504065 459.06473983739837399 19890.849113821138211 1112358.5767398373983 75863587.080723577237 6067100727.7398617887 551823255440.82960165 55647487503570.449909
#M_size 10 5 123000 20 100 5 8     123000           1 14.991138211382113821 457.67484552845528456 19863.66469918699187 1111358.9651869918699 75474341.779430894312 5972591619.4202113822 534461046458.72421139 52823311006561.927139
#M_size 10 5 123000 21 100 5 8     123000           1 14.970723577235772358 456.0132439024390244 19722.542772357723576 1098953.1030975609756 74430726.060235772355 5900491475.7473902437 533356810188.7759431 53908117549183.387974
#M_size 10 5 123000 22 100 5 8     123000           1 14.980878048780487805 457.64734959349593496 19954.428048780487805 1130773.9654959349593 78547837.442097560976 6414126503.8605203251 596095951250.0602439 61449081567916.675739
#M_size 10 5 123000 23 100 5 8     123000           1 15.032276422764227642 461.44133333333333333 20202.524276422764228 1147113.5831869918699 79679711.161544715447 6503913019.0325528453 605497793173.56037396 62803234805099.616356
#M_size 10 5 123000 24 100 5 8     123000           1 14.938886178861788618 453.37979674796747967 19584.418349593495934 1095203.914918699187 74807385.370349593497 6011864221.5207723579 554756008645.81444716 57776638811595.987114
#M_size 10 5 123000 25 100 5 8     123000           1 14.956707317073170731 455.06986178861788617 19671.868170731707318 1097271.3657642276423 74389258.080853658539 5879853790.1503495937 525216728855.85939026 51745434850995.112106
#M_size 10 5 123000 26 100 5 8     123000           1 15.012552845528455285 458.65606504065040649 19932.040357723577236 1123605.8065040650406 77558403.648162601625 6281195849.6804552847 576501876620.789626 58278402749898.649429
#M_size 10 5 123000 27 100 5 8     123000           1 14.954040650406504065 455.87508130081300814 19736.135747967479675 1101391.7278617886179 74642397.091845528455 5888910235.3214227641 523423143452.30647966 51061691882782.76786
#M_size 10 5 123000 28 100 5 8     123000           1 14.987487804878048781 455.66332520325203251 19676.959048780487805 1098565.0636178861789 74829154.322365853659 5971784343.8316178862 541525350251.71319512 54486393916917.213863
#M_size 10 5 123000 29 100 5 8     123000           1 14.927439024390243902 453.80657723577235774 19605.458121951219512 1096050.675162601626 75087531.48524390244 6093419049.9485284551 572888272336.68836588 61390919560906.778576
#M_size 10 5 123000 30 100 5 8     123000           1 15.024902439024390243 457.5016178861788618 19687.031243902439025 1088098.7574227642276 73002805.298560975607 5725265052.6938130083 510141256279.60685366 50458418537298.765228
#M_size 10 5 123000 31 100 5 8     123000           1 15.03824390243902439 458.83460162601626017 19817.434731707317074 1100824.9616260162602 74246486.103609756101 5847395088.6619186993 522557466959.08156097 51838531106135.630894
#M_size 10 5 123000 32 100 5 8     123000           1 14.95867479674796748 457.06613821138211382 19907.51189430894309 1123755.8094552845529 77634111.440869918697 6306835982.0305284555 583714213496.71091872 59925258859329.955795
#M_size 10 5 123000 33 100 5 8     123000           1 15.020016260162601626 456.37847154471544717 19635.259186991869919 1087203.5693983739837 72972439.834406504066 5689250461.649203252 498900222115.65821138 48019463819118.515739
#M_size 10 5 123000 34 100 5 8     123000           1 14.981406504065040651 455.8962520325203252 19615.765308943089432 1084246.8342032520325 72580684.593601626017 5648690839.5313739837 495761027668.82286993 47922299776421.392254
#M_size 10 5 123000 35 100 5 8     123000           1 14.937463414634146341 453.68343089430894308 19532.595414634146341 1080926.246162601626 72356209.561853658539 5615391671.0405040649 489314025386.88614634 46686079177867.282261
#M_size 10 5 123000 36 100 5 8     123000           1 15.047317073170731708 460.62117073170731707 20126.509268292682927 1147039.2574634146341 80960357.979512195125 6849382438.1782439025 678834702650.01560974 77339714059153.967705
#M_size 10 5 123000 37 100 5 8     123000           1 15.012691056910569105 458.56490243902439025 19877.012252032520324 1114059.2141707317073 76418479.522691056911 6181652107.4239268294 573043658002.10395932 59400050226887.627831
#M_size 10 5 123000 38 100 5 8     123000           1 14.987292682926829268 457.8240081300813008 19917.69090243902439 1122094.0427398373984 77287299.648756097558 6267856792.1430325205 583112201570.81870729 61020461927574.288593
#M_size 10 5 123000 39 100 5 8     123000           1 15.00632520325203252 456.82245528455284553 19778.13881300813008 1114710.040406504065 77854629.521447154475 6528742979.1307479674 640878105418.30466664 71838967833830.024796
#M_size 10 5 123000 40 100 5 8     123000           1 14.95791869918699187 457.18512195121951219 19955.945723577235773 1130041.0846341463415 78269946.166211382115 6368520681.6036585364 590255155305.14377236 60760542932750.107075
#M_size 10 5 123000 41 100 5 8     123000           1 14.999040650406504065 458.85985365853658535 19975.009040650406504 1130564.1288292682926 79415149.288065040651 6790017165.9315609755 704044578990.61001629 88145008081429.287857
#M_size 10 5 123000 42 100 5 8     123000           1 15.028821138211382114 456.00113008130081302 19555.606772357723576 1081421.406593495935 73075055.367357723575 5820282049.7494227644 531778710974.43604064 54513427778866.310009
#M_size 10 5 123000 43 100 5 8     123000           1 15.032008130081300813 460.23049593495934959 20052.046154471544716 1131961.7266910569106 78177808.491032520324 6346192609.217813008 587029960903.14469105 60321563465569.85157
#M_size 10 5 123000 44 100 5 8     123000           1 15.101829268292682927 463.26979674796747968 20198.284609756097561 1136918.0909674796748 77837575.478170731709 6215675777.7561382116 560734126308.72265851 55723334372995.731941
#M_size 10 5 123000 45 100 5 8     123000           1 15.008853658536585366 455.82379674796747968 19589.853487804878048 1083494.8473089430894 72758780.410560975608 5696341678.820382114 504262336624.80080488 49283608829938.388771
#M_size 10 5 123000 46 100 5 8     123000           1 15.022699186991869918 459.42079674796747968 20033.448016260162602 1131377.2400162601626 77887951.548308943093 6262963026.4905528454 569567977473.00996751 57158580295340.955139
#M_size 10 5 123000 47 100 5 8     123000           1 15.043585365853658536 460.19321138211382113 20025.584170731707317 1130740.2757479674797 78380893.492853658536 6413805888.5317479675 600530978081.37929267 62678482257775.448429
#M_size 10 5 123000 48 100 5 8     123000           1 15.00408130081300813 457.95360975609756096 19912.952081300813008 1126496.9491219512195 78931654.896276422762 6672267803.7779999999 670448396601.59013009 78985174776435.068146
#M_size 10 5 123000 49 100 5 8     123000           1 15.001845528455284553 458.30113008130081301 19886.332235772357723 1117305.3792764227642 77121259.13477235772 6329571393.5708861789 603822456231.11760163 65718706099567.152935
#M_size 10 5 123000 50 100 5 8     123000           1 14.956252032520325203 454.44270731707317074 19603.637715447154472 1090431.4719756097561 73819717.623081300815 5855544563.0007560975 529551223112.10015446 53430617529599.153927
#M_size 10 5 123000 51 100 5 8     123000           1 14.951821138211382114 454.33048780487804877 19606.791186991869919 1095297.0318536585365 75397553.875479674796 6239207679.0704878047 612069084467.92191869 70104141171517.39283
#M_size 10 5 123000 52 100 5 8     123000           1 15.075390243902439025 461.95264227642276422 20108.57280487804878 1128823.7480569105691 76943864.890268292686 6109183103.4936178862 548089007413.41475609 54293388810140.534397
#M_size 10 5 123000 53 100 5 8     123000           1 14.93916260162601626 452.79776422764227642 19421.672138211382114 1069148.0229349593496 71066857.2596504065 5468376045.7119105691 472220514794.5696992 44702070203261.697083
#M_size 10 5 123000 54 100 5 8     123000           1 14.991951219512195122 458.19759349593495934 19947.593317073170732 1127746.7614959349594 78741460.475853658536 6599060837.4551544716 650889863737.9972195 74061407030625.151741
#M_size 10 5 123000 55 100 5 8     123000           1 15.046520325203252033 461.06679674796747967 20116.621788617886178 1140320.2208455284552 79586842.254569105688 6586367794.2448455286 626385718607.29398376 66567322719906.004261
#M_size 10 5 123000 56 100 5 8     123000           1 14.992471544715447154 458.04977235772357724 19912.463837398373984 1119732.2264552845528 76847389.163934959346 6186675704.1790406504 567421995488.33213007 57947366683925.865479
#M_size 10 5 123000 57 100 5 8     123000           1 15.051666666666666666 460.83060975609756096 20028.706642276422764 1122908.0533414634147 76573036.928495934961 6095826403.5920731709 549114707282.18859351 54601035535706.70895
#M_size 10 5 123000 58 100 5 8     123000           1 15.013731707317073171 457.71599186991869918 19727.540853658536586 1089193.563406504065 72585845.395682926828 5612168873.8350162604 489272145299.73987806 47056048147589.255116
#M_size 10 5 123000 59 100 5 8     123000           1 15.023211382113821138 458.6056829268292683 19861.144040650406504 1109552.8662682926829 75428099.388333333336 5988390919.3359268294 537938654205.77135772 53320377765062.938465
#M_size 10 5 123000 60 100 5 8     123000           1 15.027991869918699187 459.66755284552845529 20006.446821138211382 1127498.1779918699187 77989672.315308943093 6400255105.4295040648 607129046682.42145526 64986492169447.274578
#M_size 10 5 123000 61 100 5 8     123000           1 14.940626016260162601 453.15847967479674796 19488.898674796747967 1081271.5280406504065 73213064.101601626018 5839535593.4931138209 535364138214.78160164 55346424173011.916332
#M_size 10 5 123000 62 100 5 8     123000           1 14.961130081300813008 454.47771544715447153 19599.908252032520325 1094726.3352764227642 75205441.831373983739 6159241905.1079593496 588675332595.36971545 64466023253520.672836
#M_size 10 5 123000 63 100 5 8     123000           1 14.996577235772357723 458.50826829268292684 19906.012382113821138 1115174.1045609756097 76135325.5204796748 6095185719.2497317074 555951207943.36457723 56468869441754.336758
#M_size 10 5 123000 64 100 5 8     123000           1 15.054268292682926829 461.67408943089430895 20104.663780487804878 1130012.4025772357724 77514720.208170731705 6255078461.3965284554 577971076828.04426831 59826083933440.763554
#M_size 10 5 123000 65 100 5 8     123000           1 14.972154471544715447 454.7962520325203252 19646.147666666666666 1098484.156837398374 75077084.674105691054 6027037525.8625934958 550937498842.14181298 55900024293061.670982
#M_size 10 5 123000 66 100 5 8     123000           1 14.967943089430894309 455.17043089430894309 19613.845991869918699 1090059.7694552845528 73905035.743552845532 5885565876.6914065043 534425513014.08404064 53942964673882.315796
#M_size 10 5 123000 67 100 5 8     123000           1 15.041536585365853658 462.59849593495934961 20133.997780487804878 1123651.8770325203252 75985458.926170731705 6012836592.0399593497 543651572696.5977805 55104100557875.034107
#M_size 10 5 123000 68 100 5 8     123000           1 14.997357723577235772 457.37160162601626015 19887.12750406504065 1124825.9462357723577 78302618.579796747967 6447402437.6916016261 607779461585.30311382 63786102576030.549164
#M_size 10 5 123000 69 100 5 8     123000           1 15.028878048780487805 459.51500813008130081 19953.627902439024391 1122395.9282764227643 77801603.445463414631 6463001291.0828130082 632445198088.42985368 71818492241559.887299
#M_size 10 5 123000 70 100 5 8     123000           1 14.985390243902439024 458.04326016260162602 19974.799146341463414 1132470.8403333333333 78972160.199536585365 6528791218.7652113819 622791436977.84890246 67044968534685.199356
#M_size 10 5 123000 71 100 5 8     123000           1 15.010219512195121952 457.97670731707317074 19873.666463414634146 1119363.7071463414634 77818423.330463414633 6481999210.8952439022 632943907059.23231709 70879511159996.409584
#M_size 10 5 123000 72 100 5 8     123000           1 14.966707317073170732 456.31431707317073171 19743.118804878048781 1102415.2177317073171 75099305.945731707317 6007940624.7455365853 548195161598.47295123 55702286960530.07822
#M_size 10 5 123000 73 100 5 8     123000           1 15.000357723577235772 457.95796747967479676 19877.269430894308943 1122789.5726016260163 78636270.46962601626 6622743043.1306504067 654430076935.99528456 74023183279961.297478
#M_size 10 5 123000 74 100 5 8     123000           1 14.959894308943089431 457.95447967479674797 20024.962284552845528 1139259.3057967479675 79854767.166967479672 6659152024.789113821 643905976574.19057721 70591359735708.771164
#M_size 10 5 123000 75 100 5 8     123000           1 15.014276422764227643 459.16430894308943089 19975.950813008130082 1123768.5320162601625 77005892.732081300812 6156950598.8330894308 555475796052.43373984 55068351309961.991528
#M_size 10 5 123000 76 100 5 8     123000           1 14.963878048780487805 455.34686991869918699 19706.000317073170732 1110196.7709674796748 78049508.188999999998 6749662835.1073577236 715291056315.83934146 91558885670005.647064
#M_size 10 5 123000 77 100 5 8     123000           1 14.993219512195121951 458.89713821138211383 20105.164682926829268 1150417.1624065040651 81298230.396878048778 6813473204.0322601628 654729166108.08468294 70050969435398.268749
#M_size 10 5 123000 78 100 5 8     123000           1 14.983121951219512195 456.86733333333333335 19800.123902439024389 1112833.9652845528456 77215755.699707317071 6446181782.1366016259 638047966407.74926829 73807096300320.802361
#M_size 10 5 123000 79 100 5 8     123000           1 14.923308943089430894 452.07716260162601626 19468.652528455284553 1090316.6280894308943 75476786.798674796752 6262183974.9917967478 610558935295.95691872 68843528426971.002724
#M_size 10 5 123000 80 100 5 8     123000           1 14.990959349593495935 455.22952845528455285 19561.793642276422764 1079589.5252357723577 72048969.666813008131 5575224729.8817235772 484606067738.93217885 46158006081227.257919
#M_size 10 5 123000 81 100 5 8     123000           1 14.964552845528455285 454.72746341463414635 19577.463235772357724 1085152.6303902439024 72988597.159430894309 5719228983.9084390244 506711569382.79884553 49626182477231.855755
#M_size 10 5 123000 82 100 5 8     123000           1 14.968926829268292683 455.30715447154471545 19677.102975609756097 1096715.3333008130081 74080419.4703902439 5799636250.2993495935 509021976598.2815122 48872763471630.125496
#M_size 10 5 123000 83 100 5 8     123000           1 14.945121951219512195 455.1432520325203252 19698.179073170731707 1104612.6821788617887 76076501.638780487803 6207549662.6554471543 583137844521.15273172 61476996750474.41291
#M_size 10 5 123000 84 100 5 8     123000           1 14.97543089430894309 457.37211382113821137 19958.91308943089431 1135661.6534796747967 79655778.906650406505 6605025116.0833333335 624893772826.99504066 65417667495733.877869
#M_size 10 5 123000 85 100 5 8     123000           1 15.052252032520325203 460.97535772357723577 20065.983520325203251 1124575.252918699187 76201410.979813008133 5970989410.1787723578 523340755726.6596179 50031076337407.291943
#M_size 10 5 123000 86 100 5 8     123000           1 14.985195121951219512 456.84104878048780488 19836.854268292682926 1121653.7747073170732 78597702.413487804879 6627338851.6254390245 660498558344.30597562 76824016654736.547394
#M_size 10 5 123000 87 100 5 8     123000           1 15.050495934959349594 461.74732520325203253 20142.376056910569107 1136810.7243008130081 78623846.270495934958 6435534700.7424471546 607450087092.60825205 64653103327840.810154
#M_size 10 5 123000 88 100 5 8     123000           1 15.013804878048780488 459.18995121951219512 20018.612780487804878 1130336.5480975609756 77772965.67892682927 6236482649.2753170733 562995852721.57960975 55698193004507.943218
#M_size 10 5 123000 89 100 5 8     123000           1 15.02124390243902439 458.59382926829268293 19847.102804878048781 1109861.3417317073171 76271692.946121951216 6259397117.3255365854 601130053385.87353659 66201767315571.010025
#M_size 10 5 123000 90 100 5 8     123000           1 15.090065040650406504 462.32622764227642276 20080.490943089430894 1122849.5201788617886 76261297.885674796751 6043159217.1915934961 541554544003.34557724 53486489408405.754326
#M_size 10 5 123000 91 100 5 8     123000           1 14.994089430894308943 457.87665853658536586 19904.691747967479674 1123165.8087560975609 77811658.209211382113 6359470666.4317804878 593662926139.8644309 61609746080289.880951
#M_size 10 5 123000 92 100 5 8     123000           1 14.956577235772357723 454.51343902439024391 19522.509747967479674 1074752.3811463414634 71529760.931211382114 5539428252.2968536587 485684771106.35365042 47198702395384.474804
#M_size 10 5 123000 93 100 5 8     123000           1 14.995959349593495935 458.71576422764227643 19965.465666666666667 1123906.7701056910569 77329131.232300813012 6260020358.3191788616 578959928419.79249591 59665310554281.095959
#M_size 10 5 123000 94 100 5 8     123000           1 14.984487804878048781 456.34982113821138211 19722.596146341463415 1099426.449430894309 74552559.721804878049 5908546716.8400650406 531416048301.25858536 53004687250395.00943
#M_size 10 5 123000 95 100 5 8     123000           1 14.990048780487804878 459.23055284552845529 20020.772390243902439 1124662.2926016260162 76614477.491024390241 6085682312.2686016262 549578775162.95580488 55538482129582.126747
#M_size 10 5 123000 96 100 5 8     123000           1 15.066869918699186992 462.03948780487804879 20070.294382113821138 1120227.2301219512195 75749562.430772357722 5965516514.5672926828 531753143393.72072357 52491730376131.575489
#M_size 10 5 123000 97 100 5 8     123000           1 14.977601626016260163 456.55540650406504066 19761.928869918699187 1106473.8532601626016 75757414.794430894312 6100865279.7071138211 560974841495.11033332 57499945530427.773262
#M_size 10 5 123000 98 100 5 8     123000           1 15.017666666666666666 461.21989430894308942 20144.191910569105691 1139259.6913089430894 79451777.388398373987 6676211500.2911138213 668309665336.76947153 78679224297788.194725
#M_size 10 5 123000 99 100 5 8     123000           1 14.948788617886178862 454.11109756097560974 19557.000154471544715 1085896.7043658536585 73474511.218300813009 5833656060.0735365856 528073055191.17478862 53196037924465.391193
#M_size 10 5 123000 100 100 5 8     123000           1 14.978317073170731707 455.90178048780487804 19757.473243902439025 1118845.7845121951219 79469650.905634146344 6968496656.8090975611 749953007413.49665856 97717193330638.808899
# Info Terminating at Thu Dec 10 12:17:39 2015
# Info getrusage.ru_utime: 8.324000
# Info getrusage.ru_stime: 0.000000
# Info getrusage.ru_maxrss: 4264
# Info getrusage.ru_ixrss: 0
# Info getrusage.ru_idrss: 0
# Info getrusage.ru_isrss: 0
# Info getrusage.ru_minflt: 122
# Info getrusage.ru_majflt: 0
# Info getrusage.ru_nswap: 0
# Info getrusage.ru_inblock: 0
# Info getrusage.ru_oublock: 40
# Info getrusage.ru_msgsnd: 0
# Info getrusage.ru_msgrcv: 0
# Info getrusage.ru_nsignals: 0
# Info getrusage.ru_nvcsw: 0
# Info getrusage.ru_nivcsw: 1704
#Info: Good bye and thanks for all the fish.
