
4:  1,0,1,0
Nums in the array: 4
Printing array as int array: 1,0,1,0,
cdf: 0.5 0.5 1 1 
TREE OUTPUT:
  0.5 |
 0.5 | 1 |

# Info: $Header: /home/ma/p/pruess/.cvsroot/manna_range/dmitry_20151021/manna_stack_clean_edited.c,v 1.2 2015/10/21 11:37:00 pruess Exp $
# Info: $Header: /home/ma/p/pruess/.cvsroot/manna_range/dmitry_20151021/gp.h,v 1.2 2015/10/21 11:37:00 pruess Exp $
# Info: Time: Thu Dec 10 12:18:24 2015
# Info: Hostname: dv-Aspire-5735
# Info: Directory: /home/dveselov/c/manna/manna/src
# Info: PID: 2029
# Info: Command: [ ./a.out]
# Info: PRINT_PARAM SEED: 5
# Info: PRINT_PARAM LENGTH: 10
# Info: PRINT_PARAM DROP_LOCATION: 5
# Info: PRINT_PARAM total_malloced: 0
# Info: Expected avalanche size: <s>(x) = 1+(1/2) (<s>(x+1)+<s>(x-1)), BC <s>(0)=0, <s>(L+1)=0, solved by <s>(x)=(L+1-x)x/2.
# Info: Here L=LENGTH=10 and x=DROP_LOCATION+1=6, so expect 15
#M_size 10 5 123000 1 100 5 8     123000           1 14.94532520325203252 456.01906504065040651 19785.861471544715448 1106876.9221869918699 75183628.27825203252 5953211054.8536991868 533507632609.07220325 52916348966045.11731
#M_size 10 5 123000 2 100 5 8     123000           1 15.009544715447154472 456.82715447154471544 19740.321934959349594 1100504.6464715447155 74428974.191983739838 5841442278.001788618 514711220229.87510568 49685223240502.66013
#M_size 10 5 123000 3 100 5 8     123000           1 14.968235772357723577 454.92542276422764227 19602.09130894308943 1091610.4863008130081 74298708.236284552848 5946030859.7366422764 542814036492.13130894 55106780523920.295082
#M_size 10 5 123000 4 100 5 8     123000           1 15.002349593495934959 457.68613821138211381 19778.917569105691056 1101578.1544308943089 74926626.563813008128 6027288852.6529674795 561685622483.97317886 59663374929826.355408
#M_size 10 5 123000 5 100 5 8     123000           1 14.999804878048780488 458.44190243902439025 19921.79780487804878 1118117.6675609756097 76529836.018097560976 6159767951.3936097561 569310345344.0934146 59407788620251.651951
#M_size 10 5 123000 6 100 5 8     123000           1 15.023780487804878049 458.43804065040650406 19837.309829268292683 1103787.5324796747967 74333522.74670731707 5806577540.1912113819 509360750118.11763415 48918406117018.342236
#M_size 10 5 123000 7 100 5 8     123000           1 15.032455284552845528 458.26513821138211383 19852.837772357723578 1111381.2989918699187 75867699.809284552844 6071989799.8870894308 553068924276.36265039 55938448227482.487286
#M_size 10 5 123000 8 100 5 8     123000           1 14.945723577235772358 454.62660162601626015 19634.906699186991871 1091141.1046504065041 73528353.606211382117 5780393025.8763577235 515873968099.95255286 51179289450313.102699
#M_size 10 5 123000 9 100 5 8     123000           1 15.011284552845528455 456.43598373983739838 19727.551723577235773 1104617.7002764227642 75594429.604211382117 6058562957.3798861788 549593745267.38879675 54884360981250.018326
#M_size 10 5 123000 10 100 5 8     123000           1 15.072211382113821138 462.62141463414634146 20195.090650406504064 1147305.5989756097561 81064303.610260162604 6957601569.3482439024 713515749415.97455287 85644006566791.236046
#M_size 10 5 123000 11 100 5 8     123000           1 14.981983739837398374 456.20411382113821139 19673.600666666666667 1088860.5445040650407 72723014.829544715445 5618197408.0846016258 487059009413.26993495 46358462917676.013771
#M_size 10 5 123000 12 100 5 8     123000           1 14.965699186991869919 455.82454471544715446 19717.377943089430895 1099700.7869837398374 74680923.058138211381 5956076502.0786910569 544568488260.94574797 56065263464173.03479
#M_size 10 5 123000 13 100 5 8     123000           1 14.967146341463414634 453.14989430894308944 19464.464073170731707 1085109.9480406504065 74645168.050804878047 6139319031.8245284553 590650231113.94602442 65298606295274.502186
#M_size 10 5 123000 14 100 5 8     123000           1 14.995528455284552845 455.08300813008130081 19530.462504065040651 1077068.9521788617886 72109036.85821138211 5640720082.8513008128 500964199575.65372357 49353973309914.087788
#M_size 10 5 123000 15 100 5 8     123000           1 15.007284552845528455 458.27284552845528456 19864.176113821138211 1108402.8066016260162 74899423.08069918699 5876476158.2226016261 519175742930.23562601 50478886466366.260262
#M_size 10 5 123000 16 100 5 8     123000           1 15.017934959349593496 459.34525203252032521 19958.374325203252033 1120173.7499349593496 76749817.249642276423 6184762037.7374471542 570389925606.84847152 58881822095418.393837
#M_size 10 5 123000 17 100 5 8     123000           1 14.944406504065040651 453.60208130081300812 19576.540845528455284 1096820.3389593495936 75726490.48757723577 6235302052.7850081301 597892480287.04523575 65340982446420.637497
#M_size 10 5 123000 18 100 5 8     123000           1 14.968170731707317074 454.7788211382113821 19595.519780487804878 1089471.0545284552845 73674911.614024390241 5805213321.8110162602 515350986448.50709757 50192571854497.3316
#M_size 10 5 123000 19 100 5 8     123000           1 15.035146341463414634 459.29986178861788618 19903.235341463414635 1113138.8836666666666 75924890.351243902442 6076565583.4793739836 553785437377.18070734 56023783340243.236839
#M_size 10 5 123000 20 100 5 8     123000           1 14.898715447154471545 449.48017886178861788 19105.981105691056911 1038763.9181300813008 68305054.924325203254 5249348882.4182276423 461337658326.67866668 45682448822329.56496
#M_size 10 5 123000 21 100 5 8     123000           1 14.974642276422764227 457.23030081300813007 19835.475764227642276 1109401.2856178861789 75422952.635373983743 5986302751.9342032522 537733061815.43381301 53280888389693.833912
#M_size 10 5 123000 22 100 5 8     123000           1 15.003552845528455285 457.28870731707317074 19821.870382113821139 1115674.6730975609756 77408034.187455284555 6395754117.4330975609 611887043044.56501627 66038066259410.526756
#M_size 10 5 123000 23 100 5 8     123000           1 14.971910569105691057 455.51088617886178861 19607.09420325203252 1083057.6032764227642 72247490.839959349592 5577824296.6011300813 482868342327.24152032 45752378201377.925228
#M_size 10 5 123000 24 100 5 8     123000           1 15.031878048780487805 459.0152439024390244 19974.798658536585366 1131744.2453902439024 79418043.893097560976 6708574444.297682927 669392365031.14890242 77460751369179.958565
#M_size 10 5 123000 25 100 5 8     123000           1 15.08367479674796748 464.93367479674796747 20493.527723577235772 1176437.608894308943 83043205.477577235775 6920013030.4697723575 659064843552.35406506 69828171050535.082066
#M_size 10 5 123000 26 100 5 8     123000           1 15.020634146341463415 458.3690569105691057 19901.95380487804878 1122844.9967642276423 78392177.192829268293 6604986360.0012520324 662346781202.69331706 77897679361509.433838
#M_size 10 5 123000 27 100 5 8     123000           1 14.96275609756097561 455.85517886178861788 19830.930853658536586 1122494.0678617886178 78183560.254951219511 6454161406.0054227645 613671599799.74646342 65590473359214.762497
#M_size 10 5 123000 28 100 5 8     123000           1 14.987943089430894309 455.35065853658536586 19581.690528455284554 1084507.5802195121951 73145668.276479674794 5785842144.2545609758 521552323042.05638212 52314709786327.75388
#M_size 10 5 123000 29 100 5 8     123000           1 14.969146341463414634 454.98597560975609755 19609.85139024390244 1090486.8977804878049 73808863.703292682927 5833902913.4689024389 521442019197.9177317 51357266664205.366074
#M_size 10 5 123000 30 100 5 8     123000           1 15.043235772357723577 458.74975609756097561 19813.664455284552846 1101559.6232195121951 74376067.07030894309 5864476655.3648780487 525348151859.62445527 52435711547431.30127
#M_size 10 5 123000 31 100 5 8     123000           1 15.021317073170731707 458.47437398373983738 19821.621560975609755 1100646.6348617886179 73860765.979609756097 5745873214.9314471544 502714365779.54643902 48347470298184.271935
#M_size 10 5 123000 32 100 5 8     123000           1 15.062577235772357724 461.11750406504065042 19976.750674796747967 1114909.6712601626016 76117325.756723577237 6166623204.9516504067 580257458006.29799187 62161347878329.386383
#M_size 10 5 123000 33 100 5 8     123000           1 15.048560975609756097 460.10665853658536587 19983.797341463414634 1122949.0217804878049 77038207.046121951222 6188601326.180804878 563438963723.00319511 56641013251482.313488
#M_size 10 5 123000 34 100 5 8     123000           1 14.999560975609756097 455.38793495934959349 19570.22409756097561 1084316.8725203252033 73214251.910536585368 5798694433.5913495934 523672548521.80946341 52709537643440.999348
#M_size 10 5 123000 35 100 5 8     123000           1 14.94651219512195122 454.57334146341463416 19628.882268292682927 1091038.4192926829269 73402887.962853658537 5724673706.7406585366 500966944114.26665854 47960501845800.120754
#M_size 10 5 123000 36 100 5 8     123000           1 15.029560975609756098 457.72030894308943089 19816.242585365853659 1114475.6823577235772 77300364.106390243905 6393446136.2846991871 614889298200.9147805 67253937777822.706749
#M_size 10 5 123000 37 100 5 8     123000           1 14.96567479674796748 454.30256910569105691 19494.369918699186991 1073713.644325203252 71581748.456162601629 5546902344.6201300812 484415594899.2684553 46514843409595.876522
#M_size 10 5 123000 38 100 5 8     123000           1 14.995829268292682927 455.90259349593495936 19658.488609756097562 1100466.6175203252033 76513536.217780487808 6485823930.4801544715 666183617469.87787807 82166223199302.668251
#M_size 10 5 123000 39 100 5 8     123000           1 14.995853658536585366 455.50019512195121951 19582.479756097560976 1080126.2180487804878 71937527.9343902439 5556559581.6953170733 483896804201.28170732 46523785077520.975121
#M_size 10 5 123000 40 100 5 8     123000           1 15.011341463414634146 457.79800813008130081 19783.401439024390244 1100904.9862032520325 74369957.561829268292 5852632164.7799593494 520095139829.91558537 50925878404897.825226
#M_size 10 5 123000 41 100 5 8     123000           1 14.998219512195121951 458.05815447154471545 19881.408609756097562 1115965.7876178861789 76539538.339926829271 6166416943.5425447156 565809762330.20958537 57625966988314.554447
#M_size 10 5 123000 42 100 5 8     123000           1 15.024333333333333334 457.82051219512195123 19772.672674796747968 1104376.8487073170731 75828870.723601626014 6221367134.9829512197 600573894342.69511384 67513040748914.017487
#M_size 10 5 123000 43 100 5 8     123000           1 14.996219512195121951 457.1265609756097561 19866.594951219512195 1122280.6672439024391 77814646.966463414632 6363360022.8982682927 595697240538.70031708 62338067822489.951145
#M_size 10 5 123000 44 100 5 8     123000           1 14.93567479674796748 453.64744715447154472 19633.487723577235773 1106756.0356422764228 77100432.049089430897 6401214033.789398374 614978349886.47406507 66600312406769.056129
#M_size 10 5 123000 45 100 5 8     123000           1 14.985975609756097561 454.13634959349593495 19427.466902439024389 1068478.6896178861789 71544022.350609756097 5627454014.8753739838 506519239777.79958537 51076517162399.323765
#M_size 10 5 123000 46 100 5 8     123000           1 14.982829268292682927 457.31370731707317073 19911.33609756097561 1124974.9911707317074 77871318.633073170735 6350574683.069804878 592314330464.12243903 61651224022117.670197
#M_size 10 5 123000 47 100 5 8     123000           1 14.967382113821138211 454.735869918699187 19610.756894308943089 1094942.1950894308943 75069937.108113821138 6108746534.2670894307 575455643535.39006501 61427868009665.601917
#M_size 10 5 123000 48 100 5 8     123000           1 15.008203252032520325 457.605130081300813 19767.601373983739837 1099462.526105691057 74368213.931130081299 5886873188.4129349594 530134007805.19356909 53155474380002.963181
#M_size 10 5 123000 49 100 5 8     123000           1     15.012 457.02814634146341463 19733.23209756097561 1109521.4952682926829 78489813.198341463416 6990793565.6144878049 795588422058.10039026 114758320862223.60844
#M_size 10 5 123000 50 100 5 8     123000           1 14.997967479674796748 455.8652520325203252 19617.682065040650407 1087976.0906178861788 73452187.163821138209 5812036995.3940325202 525001005014.32401627 53112198643398.506229
#M_size 10 5 123000 51 100 5 8     123000           1 15.041853658536585366 459.49715447154471545 19870.087512195121951 1104076.490325203252 74461356.427219512196 5878143673.6991056912 529607835433.64068294 53384128612422.716667
#M_size 10 5 123000 52 100 5 8     123000           1 14.961552845528455285 456.54678861788617886 19749.845552845528456 1099072.3011300813008 74222914.465455284553 5852917569.0599593497 524348677148.45238212 52256020224169.481617
#M_size 10 5 123000 53 100 5 8     123000           1 14.928943089430894309 451.615869918699187 19299.595333333333333 1059652.9043577235773 70824646.493089430893 5571045166.8875772357 503027192864.17191869 51008121396865.589237
#M_size 10 5 123000 54 100 5 8     123000           1 14.973138211382113821 453.37915447154471546 19465.026016260162601 1085897.8324227642277 75373643.522406504067 6382618302.765495935 651912953782.04455286 78934590450753.54364
#M_size 10 5 123000 55 100 5 8     123000           1 15.040341463414634147 457.93839024390243903 19758.25580487804878 1102211.7617073170732 75212110.648390243899 6032630972.6130243903 550469625009.74165851 55569408642200.64756
#M_size 10 5 123000 56 100 5 8     123000           1 14.959024390243902439 454.20530081300813008 19551.516682926829269 1085546.6121300813008 73443453.349268292681 5825947536.9457886177 526396585933.49717075 52918525281690.139935
#M_size 10 5 123000 57 100 5 8     123000           1 15.004365853658536586 457.56865853658536586 19763.043731707317074 1097005.5008536585366 73816159.760219512194 5782487406.4950000001 511078786656.37153658 49691645050829.126221
#M_size 10 5 123000 58 100 5 8     123000           1 15.030008130081300813 460.64750406504065042 20113.055130081300813 1139762.9235040650407 79282025.925373983737 6521704923.7572601624 617464580833.39756912 65881997903223.126431
#M_size 10 5 123000 59 100 5 8     123000           1 15.039040650406504065 458.76030894308943089 19888.374065040650407 1118961.1932845528455 77556123.208796747967 6391415663.8383577238 608449123738.60040653 65216833628643.616699
#M_size 10 5 123000 60 100 5 8     123000           1     14.974 455.88897560975609757 19688.887951219512194 1096131.3763902439024 74310288.33497560976 5903490919.088 533899721639.2547805 53687849142685.827122
#M_size 10 5 123000 61 100 5 8     123000           1 14.958739837398373984 453.59891869918699187 19511.03639837398374 1083021.0945284552846 73197794.618252032524 5786983355.0896504065 519337814502.06078863 51674414879401.62331
#M_size 10 5 123000 62 100 5 8     123000           1 14.965780487804878049 454.30873983739837399 19614.246804878048781 1101450.1123495934959 76359030.354317073172 6303829864.6282520327 601867944880.10924393 64736739288327.597229
#M_size 10 5 123000 63 100 5 8     123000           1 15.018552845528455285 458.47782113821138211 19860.513772357723576 1112723.4799674796748 76394967.000991869922 6200788907.6202601627 578988729303.63377237 60754138349960.71899
#M_size 10 5 123000 64 100 5 8     123000           1 14.988219512195121951 455.28841463414634147 19524.955634146341463 1073570.8331951219512 71359608.251634146342 5505504108.317682927 478323627963.26587805 45721118193156.241974
#M_size 10 5 123000 65 100 5 8     123000           1 15.001430894308943089 455.86515447154471545 19570.069333333333333 1076539.6622276422764 71548178.01411382114 5525019751.8817398376 482210460260.40104064 46611903854473.779301
#M_size 10 5 123000 66 100 5 8     123000           1 15.016373983739837399 459.76526829268292684 20023.531056910569106 1128807.2114146341463 77915334.663934959346 6349300844.7608780488 594695631379.75252032 62602578590714.629951
#M_size 10 5 123000 67 100 5 8     123000           1 15.062869918699186992 460.69934146341463416 19910.86940650406504 1102246.6435365853658 73693302.26921138211 5725605175.7744634147 503316062314.44989431 49087377226306.077682
#M_size 10 5 123000 68 100 5 8     123000           1 14.998422764227642276 456.83614634146341463 19766.012715447154472 1104350.8223902439024 74992607.576227642276 5923019771.4756585364 525869194143.31125203 51108400848734.26239
#M_size 10 5 123000 69 100 5 8     123000           1 15.024186991869918699 459.51319512195121952 20001.506577235772358 1128354.0744634146341 77998661.069308943086 6370094204.2297804877 599636165123.25584555 63898199202895.719341
#M_size 10 5 123000 70 100 5 8     123000           1 15.049723577235772358 460.33209756097560975 19979.547186991869919 1120306.469268292683 76816047.728260162599 6215917164.5984390243 578198588950.75889432 60445986468387.940487
#M_size 10 5 123000 71 100 5 8     123000           1 14.988040650406504065 456.58818699186991871 19704.184235772357724 1095120.2199918699187 74110824.152430894312 5885432398.3462357721 533820506236.52374798 54107561415346.493164
#M_size 10 5 123000 72 100 5 8     123000           1 14.996910569105691056 454.88081300813008129 19480.757447154471544 1074163.5942764227642 72305387.929349593498 5736762362.9505691058 522128864738.69988617 53222835341391.625496
#M_size 10 5 123000 73 100 5 8     123000           1 14.915357723577235772 451.14205691056910569 19370.764674796747968 1073449.3138617886179 72252656.076089430891 5654201619.4293739838 497613943787.86613822 48007443522340.211422
#M_size 10 5 123000 74 100 5 8     123000           1 15.002308943089430894 457.97035772357723576 19895.970162601626017 1125599.6223577235772 79277954.239626016257 6821516907.0791382114 713612200359.89504063 90099928313680.291626
#M_size 10 5 123000 75 100 5 8     123000           1 14.936447154471544715 454.25015447154471546 19686.237032520325203 1105803.5418617886179 76098863.34376422764 6185402899.973081301 578139771624.69361788 60755624476231.557472
#M_size 10 5 123000 76 100 5 8     123000           1 15.005024390243902439 458.12626016260162601 19910.324048780487805 1121663.7867479674796 77666035.036243902439 6411698924.3818699187 620179623546.5679512 69335246911310.354553
#M_size 10 5 123000 77 100 5 8     123000           1 14.957520325203252033 456.31982926829268293 19785.211666666666666 1108096.4612926829268 75641144.859471544718 6044485760.1403170731 548373587766.0545935 55130484644841.044708
#M_size 10 5 123000 78 100 5 8     123000           1 14.984585365853658537 455.29588617886178861 19579.852048780487804 1079395.5794959349594 71641245.597024390241 5475576024.6514959349 466140527034.83058536 43100292853609.985348
#M_size 10 5 123000 79 100 5 8     123000           1 14.963691056910569106 453.92917073170731707 19603.397544715447154 1098140.096 75397125.230520325204 6105967490.2325853659 567282730893.42681301 59189675752221.32917
#M_size 10 5 123000 80 100 5 8     123000           1 14.984487804878048781 455.66365853658536586 19677.739707317073171 1099255.5651219512196 74962453.021073170734 5982299984.5475609754 540349921655.19336584 53796568207943.578781
#M_size 10 5 123000 81 100 5 8     123000           1 14.981406504065040651 455.81922764227642275 19716.338186991869918 1103381.2401056910569 75234006.353601626019 5982173772.772398374 536256635655.60257724 52791125942146.604008
#M_size 10 5 123000 82 100 5 8     123000           1 14.975211382113821138 453.66765040650406504 19419.991650406504066 1070751.9469674796748 72077246.327650406507 5727052574.7374065039 524564777406.15847966 54295583786906.702091
#M_size 10 5 123000 83 100 5 8     123000           1 15.028943089430894309 461.13673170731707318 20222.027869918699187 1153780.6998536585365 80857338.012845528458 6691885183.5738048782 635219722988.96055287 67551195347895.144733
#M_size 10 5 123000 84 100 5 8     123000           1 14.963764227642276422 455.59072357723577235 19735.763422764227641 1109585.5199918699187 77044365.687910569104 6424681593.0653577237 630846109377.20244718 71419047701498.31414
#M_size 10 5 123000 85 100 5 8     123000           1 15.031048780487804878 460.25592682926829269 20050.907487804878048 1128778.6064634146342 77588485.89519512195 6274963161.9159268294 580665067483.02943903 60009217860082.048416
#M_size 10 5 123000 86 100 5 8     123000           1 14.988991869918699187 453.82829268292682925 19426.078943089430894 1067927.8495609756097 71108517.978260162599 5515290863.072195122 484575212764.59991869 47203157198575.845657
#M_size 10 5 123000 87 100 5 8     123000           1 14.984349593495934959 456.22098373983739839 19752.822203252032521 1107622.1720081300813 75938164.997032520325 6108449375.5643983739 558026020828.81439835 56379247789114.437374
#M_size 10 5 123000 88 100 5 8     123000           1 14.964609756097560975 455.09382926829268293 19639.484268292682927 1094392.9460243902439 74381749.897536585369 5931691076.4787073173 539095158520.63060975 54532444066614.819195
#M_size 10 5 123000 89 100 5 8     123000           1 14.994178861788617886 456.52881300813008131 19722.396032520325203 1096572.0406178861789 73808839.091252032522 5761082216.9258861789 505094968276.02725202 48555445363615.855251
#M_size 10 5 123000 90 100 5 8     123000           1 14.981723577235772357 454.41177235772357723 19478.221626016260162 1074487.8410406504065 72126759.661235772357 5670904093.0117723579 507332837900.08504066 50433736679486.213722
#M_size 10 5 123000 91 100 5 8     123000           1 15.011341463414634146 457.49776422764227643 19800.758951219512195 1105531.4224471544716 75100759.55914634146 5968681199.5611788617 539315640679.1862683 54151341370776.864399
#M_size 10 5 123000 92 100 5 8     123000           1 14.973617886178861788 452.61129268292682926 19235.025861788617886 1042695.8712926829268 67882833.828983739841 5089725782.966902439 425963611677.81513008 38848523194145.346416
#M_size 10 5 123000 93 100 5 8     123000           1 14.95908130081300813 453.62625203252032521 19515.341861788617885 1084292.8655691056911 73819927.198837398377 5983328981.9223495936 568129481783.3701545 62361580182665.370934
#M_size 10 5 123000 94 100 5 8     123000           1 15.061325203252032521 458.30109756097560975 19746.840447154471544 1103145.2171951219512 76048049.265227642274 6260223408.5215853658 599403242324.15752035 65196181639857.597683
#M_size 10 5 123000 95 100 5 8     123000           1 15.010219512195121952 458.82467479674796748 19968.160463414634146 1128354.341162601626 78511529.011195121951 6501837102.65101626 625724124822.17997563 68688576685700.557747
#M_size 10 5 123000 96 100 5 8     123000           1 15.005544715447154472 455.98783739837398374 19643.619886178861789 1093616.0479349593496 74455642.570910569106 5964596131.4844227643 545068049266.85891056 55317207058024.024521
#M_size 10 5 123000 97 100 5 8     123000           1 15.061715447154471545 459.4315528455284553 19737.155520325203252 1083646.8765284552845 71706032.613666666664 5492251318.1881382116 472321471204.23942277 44532436399501.223846
#M_size 10 5 123000 98 100 5 8     123000           1 14.997040650406504065 455.0771869918699187 19478.816991869918699 1069974.9867479674797 71519502.129967479676 5634053162.5254796748 511513302222.50382113 52475823648073.404308
#M_size 10 5 123000 99 100 5 8     123000           1 14.986772357723577236 455.56104878048780488 19667.420382113821137 1098263.9486585365854 74828754.234821138212 5963212270.3820243902 537640008879.4603821 53391779401486.434513
#M_size 10 5 123000 100 100 5 8     123000           1 14.978308943089430894 455.54321951219512196 19641.108455284552846 1092875.0860487804878 74296980.765626016262 5958590167.7149268291 549758629932.54650408 57153304798938.748489
# Info Terminating at Thu Dec 10 12:18:46 2015
# Info getrusage.ru_utime: 22.416000
# Info getrusage.ru_stime: 0.000000
# Info getrusage.ru_maxrss: 4236
# Info getrusage.ru_ixrss: 0
# Info getrusage.ru_idrss: 0
# Info getrusage.ru_isrss: 0
# Info getrusage.ru_minflt: 115
# Info getrusage.ru_majflt: 0
# Info getrusage.ru_nswap: 0
# Info getrusage.ru_inblock: 0
# Info getrusage.ru_oublock: 40
# Info getrusage.ru_msgsnd: 0
# Info getrusage.ru_msgrcv: 0
# Info getrusage.ru_nsignals: 0
# Info getrusage.ru_nvcsw: 0
# Info getrusage.ru_nivcsw: 4724
#Info: Good bye and thanks for all the fish.
